   1.0000000e+01   2.0000000e+01   3.0000000e+01   4.0000000e+01   5.0000000e+01   6.0000000e+01   7.0000000e+01
   1.0000002e+01   2.0000004e+01   3.0000005e+01   4.0000007e+01   5.0000009e+01   6.0000011e+01   7.0000013e+01
   1.0000011e+01   2.0000022e+01   3.0000033e+01   4.0000044e+01   5.0000055e+01   6.0000066e+01   7.0000077e+01
   1.0000035e+01   2.0000070e+01   3.0000104e+01   4.0000139e+01   5.0000174e+01   6.0000209e+01   7.0000244e+01
   1.0000081e+01   2.0000161e+01   3.0000242e+01   4.0000322e+01   5.0000403e+01   6.0000483e+01   7.0000564e+01
   1.0000156e+01   2.0000311e+01   3.0000467e+01   4.0000623e+01   5.0000778e+01   6.0000934e+01   7.0001089e+01
   1.0000267e+01   2.0000535e+01   3.0000802e+01   4.0001069e+01   5.0001337e+01   6.0001604e+01   7.0001871e+01
   1.0000423e+01   2.0000846e+01   3.0001269e+01   4.0001692e+01   5.0002115e+01   6.0002538e+01   7.0002961e+01
   1.0000630e+01   2.0001260e+01   3.0001890e+01   4.0002520e+01   5.0003149e+01   6.0003779e+01   7.0004409e+01
   1.0000895e+01   2.0001791e+01   3.0002686e+01   4.0003582e+01   5.0004477e+01   6.0005372e+01   7.0006268e+01
   1.0001227e+01   2.0002454e+01   3.0003680e+01   4.0004907e+01   5.0006134e+01   6.0007361e+01   7.0008588e+01
   1.0001631e+01   2.0003263e+01   3.0004894e+01   4.0006526e+01   5.0008157e+01   6.0009789e+01   7.0011420e+01
   1.0002117e+01   2.0004233e+01   3.0006350e+01   4.0008467e+01   5.0010583e+01   6.0012700e+01   7.0014817e+01
   1.0002690e+01   2.0005380e+01   3.0008069e+01   4.0010759e+01   5.0013449e+01   6.0016139e+01   7.0018829e+01
   1.0003358e+01   2.0006716e+01   3.0010074e+01   4.0013433e+01   5.0016791e+01   6.0020149e+01   7.0023507e+01
   1.0004129e+01   2.0008258e+01   3.0012387e+01   4.0016516e+01   5.0020645e+01   6.0024774e+01   7.0028903e+01
   1.0005010e+01   2.0010020e+01   3.0015029e+01   4.0020039e+01   5.0025049e+01   6.0030059e+01   7.0035068e+01
   1.0006008e+01   2.0012015e+01   3.0018023e+01   4.0024031e+01   5.0030038e+01   6.0036046e+01   7.0042054e+01
   1.0007130e+01   2.0014260e+01   3.0021390e+01   4.0028521e+01   5.0035651e+01   6.0042781e+01   7.0049911e+01
   1.0008384e+01   2.0016769e+01   3.0025153e+01   4.0033538e+01   5.0041922e+01   6.0050306e+01   7.0058691e+01
   1.0009778e+01   2.0019556e+01   3.0029333e+01   4.0039111e+01   5.0048889e+01   6.0058667e+01   7.0068445e+01
   1.0011318e+01   2.0022635e+01   3.0033953e+01   4.0045271e+01   5.0056589e+01   6.0067906e+01   7.0079224e+01
   1.0013011e+01   2.0026023e+01   3.0039034e+01   4.0052046e+01   5.0065057e+01   6.0078069e+01   7.0091080e+01
   1.0014866e+01   2.0029733e+01   3.0044599e+01   4.0059465e+01   5.0074332e+01   6.0089198e+01   7.0104064e+01
   1.0016890e+01   2.0033779e+01   3.0050669e+01   4.0067559e+01   5.0084448e+01   6.0101338e+01   7.0118228e+01
   1.0019089e+01   2.0038177e+01   3.0057266e+01   4.0076355e+01   5.0095444e+01   6.0114532e+01   7.0133621e+01
   1.0021471e+01   2.0042942e+01   3.0064413e+01   4.0085884e+01   5.0107355e+01   6.0128826e+01   7.0150297e+01
   1.0024044e+01   2.0048087e+01   3.0072131e+01   4.0096174e+01   5.0120218e+01   6.0144261e+01   7.0168305e+01
   1.0026814e+01   2.0053628e+01   3.0080442e+01   4.0107256e+01   5.0134070e+01   6.0160884e+01   7.0187698e+01
   1.0029789e+01   2.0059579e+01   3.0089368e+01   4.0119158e+01   5.0148947e+01   6.0178737e+01   7.0208526e+01
   1.0032977e+01   2.0065955e+01   3.0098932e+01   4.0131909e+01   5.0164886e+01   6.0197864e+01   7.0230841e+01
   1.0036385e+01   2.0072770e+01   3.0109155e+01   4.0145540e+01   5.0181924e+01   6.0218309e+01   7.0254694e+01
   1.0040020e+01   2.0080039e+01   3.0120059e+01   4.0160078e+01   5.0200098e+01   6.0240117e+01   7.0280137e+01
   1.0043889e+01   2.0087777e+01   3.0131666e+01   4.0175554e+01   5.0219443e+01   6.0263331e+01   7.0307220e+01
   1.0047999e+01   2.0095999e+01   3.0143998e+01   4.0191997e+01   5.0239996e+01   6.0287996e+01   7.0335995e+01
   1.0052359e+01   2.0104718e+01   3.0157077e+01   4.0209436e+01   5.0261795e+01   6.0314154e+01   7.0366513e+01
   1.0056975e+01   2.0113950e+01   3.0170925e+01   4.0227900e+01   5.0284875e+01   6.0341851e+01   7.0398826e+01
   1.0061855e+01   2.0123710e+01   3.0185565e+01   4.0247419e+01   5.0309274e+01   6.0371129e+01   7.0432984e+01
   1.0067006e+01   2.0134011e+01   3.0201017e+01   4.0268022e+01   5.0335028e+01   6.0402034e+01   7.0469039e+01
   1.0072435e+01   2.0144869e+01   3.0217304e+01   4.0289739e+01   5.0362173e+01   6.0434608e+01   7.0507043e+01
   1.0078149e+01   2.0156299e+01   3.0234448e+01   4.0312598e+01   5.0390747e+01   6.0468896e+01   7.0547046e+01
   1.0084157e+01   2.0168314e+01   3.0252471e+01   4.0336628e+01   5.0420786e+01   6.0504943e+01   7.0589100e+01
   1.0090465e+01   2.0180930e+01   3.0271395e+01   4.0361860e+01   5.0452325e+01   6.0542791e+01   7.0633256e+01
   1.0097081e+01   2.0194161e+01   3.0291242e+01   4.0388323e+01   5.0485403e+01   6.0582484e+01   7.0679565e+01
   1.0104011e+01   2.0208022e+01   3.0312034e+01   4.0416045e+01   5.0520056e+01   6.0624067e+01   7.0728079e+01
   1.0111264e+01   2.0222528e+01   3.0333792e+01   4.0445056e+01   5.0556320e+01   6.0667584e+01   7.0778848e+01
   1.0118846e+01   2.0237693e+01   3.0356539e+01   4.0475386e+01   5.0594232e+01   6.0713079e+01   7.0831925e+01
   1.0126766e+01   2.0253531e+01   3.0380297e+01   4.0507063e+01   5.0633829e+01   6.0760594e+01   7.0887360e+01
   1.0135029e+01   2.0270059e+01   3.0405088e+01   4.0540117e+01   5.0675146e+01   6.0810176e+01   7.0945205e+01
   1.0143644e+01   2.0287289e+01   3.0430933e+01   4.0574578e+01   5.0718222e+01   6.0861866e+01   7.1005511e+01
   1.0152618e+01   2.0305237e+01   3.0457855e+01   4.0610474e+01   5.0763092e+01   6.0915710e+01   7.1068329e+01
   1.0161959e+01   2.0323917e+01   3.0485876e+01   4.0647834e+01   5.0809793e+01   6.0971752e+01   7.1133710e+01
   1.0171672e+01   2.0343345e+01   3.0515017e+01   4.0686689e+01   5.0858362e+01   6.1030034e+01   7.1201707e+01
   1.0181767e+01   2.0363534e+01   3.0545301e+01   4.0727068e+01   5.0908835e+01   6.1090602e+01   7.1272369e+01
   1.0192249e+01   2.0384498e+01   3.0576747e+01   4.0768996e+01   5.0961245e+01   6.1153494e+01   7.1345743e+01
   1.0203121e+01   2.0406243e+01   3.0609364e+01   4.0812485e+01   5.1015607e+01   6.1218728e+01   7.1421849e+01
   1.0214384e+01   2.0428769e+01   3.0643153e+01   4.0857537e+01   5.1071922e+01   6.1286306e+01   7.1500691e+01
   1.0226038e+01   2.0452076e+01   3.0678114e+01   4.0904152e+01   5.1130190e+01   6.1356228e+01   7.1582266e+01
   1.0238082e+01   2.0476165e+01   3.0714247e+01   4.0952329e+01   5.1190411e+01   6.1428494e+01   7.1666576e+01
   1.0250517e+01   2.0501034e+01   3.0751552e+01   4.1002069e+01   5.1252586e+01   6.1503103e+01   7.1753620e+01
   1.0263343e+01   2.0526685e+01   3.0790028e+01   4.1053371e+01   5.1316713e+01   6.1580056e+01   7.1843399e+01
   1.0276559e+01   2.0553118e+01   3.0829677e+01   4.1106235e+01   5.1382794e+01   6.1659353e+01   7.1935912e+01
   1.0290166e+01   2.0580331e+01   3.0870497e+01   4.1160662e+01   5.1450828e+01   6.1740994e+01   7.2031159e+01
   1.0304163e+01   2.0608326e+01   3.0912489e+01   4.1216652e+01   5.1520815e+01   6.1824978e+01   7.2129141e+01
   1.0318551e+01   2.0637102e+01   3.0955653e+01   4.1274204e+01   5.1592755e+01   6.1911306e+01   7.2229857e+01
   1.0333330e+01   2.0666659e+01   3.0999989e+01   4.1333319e+01   5.1666648e+01   6.1999978e+01   7.2333308e+01
   1.0348499e+01   2.0696998e+01   3.1045497e+01   4.1393996e+01   5.1742495e+01   6.2090994e+01   7.2439493e+01
   1.0364059e+01   2.0728118e+01   3.1092177e+01   4.1456235e+01   5.1820294e+01   6.2184353e+01   7.2548412e+01
   1.0380009e+01   2.0760019e+01   3.1140028e+01   4.1520037e+01   5.1900047e+01   6.2280056e+01   7.2660066e+01
   1.0396351e+01   2.0792701e+01   3.1189052e+01   4.1585402e+01   5.1981753e+01   6.2378103e+01   7.2774454e+01
   1.0413082e+01   2.0826165e+01   3.1239247e+01   4.1652329e+01   5.2065411e+01   6.2478494e+01   7.2891576e+01
   1.0430205e+01   2.0860409e+01   3.1290614e+01   4.1720819e+01   5.2151023e+01   6.2581228e+01   7.3011433e+01
   1.0447718e+01   2.0895435e+01   3.1343153e+01   4.1790871e+01   5.2238588e+01   6.2686306e+01   7.3134024e+01
   1.0465621e+01   2.0931243e+01   3.1396864e+01   4.1862485e+01   5.2328107e+01   6.2793728e+01   7.3259349e+01
   1.0483916e+01   2.0967831e+01   3.1451747e+01   4.1935662e+01   5.2419578e+01   6.2903494e+01   7.3387409e+01
   1.0502601e+01   2.1005201e+01   3.1507802e+01   4.2010402e+01   5.2513003e+01   6.3015603e+01   7.3518204e+01
   1.0521676e+01   2.1043352e+01   3.1565028e+01   4.2086704e+01   5.2608380e+01   6.3130056e+01   7.3651732e+01
   1.0541142e+01   2.1082284e+01   3.1623427e+01   4.2164569e+01   5.2705711e+01   6.3246853e+01   7.3787995e+01
   1.0560999e+01   2.1121998e+01   3.1682997e+01   4.2243996e+01   5.2804995e+01   6.3365994e+01   7.3926993e+01
   1.0581246e+01   2.1162493e+01   3.1743739e+01   4.2324985e+01   5.2906232e+01   6.3487478e+01   7.4068724e+01
   1.0601884e+01   2.1203769e+01   3.1805653e+01   4.2407537e+01   5.3009422e+01   6.3611306e+01   7.4213191e+01
   1.0622913e+01   2.1245826e+01   3.1868739e+01   4.2491652e+01   5.3114565e+01   6.3737478e+01   7.4360391e+01
   1.0644332e+01   2.1288665e+01   3.1932997e+01   4.2577329e+01   5.3221661e+01   6.3865994e+01   7.4510326e+01
   1.0666142e+01   2.1332284e+01   3.1998427e+01   4.2664569e+01   5.3330711e+01   6.3996853e+01   7.4662995e+01
   1.0688343e+01   2.1376685e+01   3.2065028e+01   4.2753371e+01   5.3441713e+01   6.4130056e+01   7.4818399e+01
   1.0710934e+01   2.1421868e+01   3.2132802e+01   4.2843735e+01   5.3554669e+01   6.4265603e+01   7.4976537e+01
   1.0733916e+01   2.1467831e+01   3.2201747e+01   4.2935662e+01   5.3669578e+01   6.4403494e+01   7.5137409e+01
   1.0757288e+01   2.1514576e+01   3.2271864e+01   4.3029152e+01   5.3786440e+01   6.4543728e+01   7.5301016e+01
   1.0781051e+01   2.1562102e+01   3.2343153e+01   4.3124204e+01   5.3905255e+01   6.4686306e+01   7.5467357e+01
   1.0805205e+01   2.1610409e+01   3.2415614e+01   4.3220819e+01   5.4026023e+01   6.4831228e+01   7.5636433e+01
   1.0829749e+01   2.1659498e+01   3.2489247e+01   4.3318996e+01   5.4148745e+01   6.4978494e+01   7.5808243e+01
   1.0854684e+01   2.1709368e+01   3.2564052e+01   4.3418735e+01   5.4273419e+01   6.5128103e+01   7.5982787e+01
   1.0880009e+01   2.1760019e+01   3.2640028e+01   4.3520037e+01   5.4400047e+01   6.5280056e+01   7.6160066e+01
   1.0905726e+01   2.1811451e+01   3.2717177e+01   4.3622902e+01   5.4528628e+01   6.5434353e+01   7.6340079e+01
   1.0931832e+01   2.1863665e+01   3.2795497e+01   4.3727329e+01   5.4659161e+01   6.5590994e+01   7.6522826e+01
   1.0958330e+01   2.1916659e+01   3.2874989e+01   4.3833319e+01   5.4791648e+01   6.5749978e+01   7.6708308e+01
   1.0985218e+01   2.1970435e+01   3.2955653e+01   4.3940871e+01   5.4926088e+01   6.5911306e+01   7.6896524e+01
   1.1012496e+01   2.2024993e+01   3.3037489e+01   4.4049985e+01   5.5062482e+01   6.6074978e+01   7.7087474e+01
   1.1040166e+01   2.2080331e+01   3.3120497e+01   4.4160662e+01   5.5200828e+01   6.6240994e+01   7.7281159e+01
   1.1068226e+01   2.2136451e+01   3.3204677e+01   4.4272902e+01   5.5341128e+01   6.6409353e+01   7.7477579e+01
   1.1096676e+01   2.2193352e+01   3.3290028e+01   4.4386704e+01   5.5483380e+01   6.6580056e+01   7.7676732e+01
   1.1125517e+01   2.2251034e+01   3.3376552e+01   4.4502069e+01   5.5627586e+01   6.6753103e+01   7.7878620e+01
   1.1154749e+01   2.2309498e+01   3.3464247e+01   4.4618996e+01   5.5773745e+01   6.6928494e+01   7.8083243e+01
   1.1184371e+01   2.2368743e+01   3.3553114e+01   4.4737485e+01   5.5921857e+01   6.7106228e+01   7.8290599e+01
   1.1214384e+01   2.2428769e+01   3.3643153e+01   4.4857537e+01   5.6071922e+01   6.7286306e+01   7.8500691e+01
   1.1244788e+01   2.2489576e+01   3.3734364e+01   4.4979152e+01   5.6223940e+01   6.7468728e+01   7.8713516e+01
   1.1275582e+01   2.2551165e+01   3.3826747e+01   4.5102329e+01   5.6377911e+01   6.7653494e+01   7.8929076e+01
   1.1306767e+01   2.2613534e+01   3.3920301e+01   4.5227068e+01   5.6533835e+01   6.7840602e+01   7.9147369e+01
   1.1338339e+01   2.2676678e+01   3.4015017e+01   4.5353356e+01   5.6691695e+01   6.8030034e+01   7.9368373e+01
   1.1370292e+01   2.2740584e+01   3.4110876e+01   4.5481168e+01   5.6851460e+01   6.8221752e+01   7.9592044e+01
   1.1402618e+01   2.2805237e+01   3.4207855e+01   4.5610474e+01   5.7013092e+01   6.8415710e+01   7.9818329e+01
   1.1435311e+01   2.2870622e+01   3.4305933e+01   4.5741244e+01   5.7176555e+01   6.8611866e+01   8.0047178e+01
   1.1468363e+01   2.2936725e+01   3.4405088e+01   4.5873451e+01   5.7341813e+01   6.8810176e+01   8.0278538e+01
   1.1501766e+01   2.3003531e+01   3.4505297e+01   4.6007063e+01   5.7508829e+01   6.9010594e+01   8.0512360e+01
   1.1535513e+01   2.3071026e+01   3.4606539e+01   4.6142052e+01   5.7677566e+01   6.9213079e+01   8.0748592e+01
   1.1569597e+01   2.3139195e+01   3.4708792e+01   4.6278389e+01   5.7847987e+01   6.9417584e+01   8.0987182e+01
   1.1604011e+01   2.3208022e+01   3.4812034e+01   4.6416045e+01   5.8020056e+01   6.9624067e+01   8.1228079e+01
   1.1638747e+01   2.3277495e+01   3.4916242e+01   4.6554989e+01   5.8193737e+01   6.9832484e+01   8.1471231e+01
   1.1673798e+01   2.3347597e+01   3.5021395e+01   4.6695194e+01   5.8368992e+01   7.0042791e+01   8.1716589e+01
   1.1709157e+01   2.3418314e+01   3.5127471e+01   4.6836628e+01   5.8545786e+01   7.0254943e+01   8.1964100e+01
   1.1744816e+01   2.3489632e+01   3.5234448e+01   4.6979264e+01   5.8724080e+01   7.0468896e+01   8.2213713e+01
   1.1780768e+01   2.3561536e+01   3.5342304e+01   4.7123072e+01   5.8903840e+01   7.0684608e+01   8.2465376e+01
   1.1817006e+01   2.3634011e+01   3.5451017e+01   4.7268022e+01   5.9085028e+01   7.0902034e+01   8.2719039e+01
   1.1853522e+01   2.3707043e+01   3.5560565e+01   4.7414086e+01   5.9267608e+01   7.1121129e+01   8.2974651e+01
   1.1890308e+01   2.3780617e+01   3.5670925e+01   4.7561234e+01   5.9451542e+01   7.1341851e+01   8.3232159e+01
   1.1927359e+01   2.3854718e+01   3.5782077e+01   4.7709436e+01   5.9636795e+01   7.1564154e+01   8.3491513e+01
   1.1964666e+01   2.3929332e+01   3.5893998e+01   4.7858664e+01   5.9823330e+01   7.1787996e+01   8.3752662e+01
   1.2002222e+01   2.4004444e+01   3.6006666e+01   4.8008888e+01   6.0011109e+01   7.2013331e+01   8.4015553e+01
   1.2040020e+01   2.4080039e+01   3.6120059e+01   4.8160078e+01   6.0200098e+01   7.2240117e+01   8.4280137e+01
   1.2078052e+01   2.4156103e+01   3.6234155e+01   4.8312206e+01   6.0390258e+01   7.2468309e+01   8.4546361e+01
   1.2116311e+01   2.4232621e+01   3.6348932e+01   4.8465243e+01   6.0581553e+01   7.2697864e+01   8.4814174e+01
   1.2154789e+01   2.4309579e+01   3.6464368e+01   4.8619158e+01   6.0773947e+01   7.2928737e+01   8.5083526e+01
   1.2193481e+01   2.4386961e+01   3.6580442e+01   4.8773923e+01   6.0967403e+01   7.3160884e+01   8.5354364e+01
   1.2232377e+01   2.4464754e+01   3.6697131e+01   4.8929508e+01   6.1161885e+01   7.3394261e+01   8.5626638e+01
   1.2271471e+01   2.4542942e+01   3.6814413e+01   4.9085884e+01   6.1357355e+01   7.3628826e+01   8.5900297e+01
   1.2310755e+01   2.4621511e+01   3.6932266e+01   4.9243022e+01   6.1553777e+01   7.3864532e+01   8.6175288e+01
   1.2350223e+01   2.4700446e+01   3.7050669e+01   4.9400892e+01   6.1751115e+01   7.4101338e+01   8.6451561e+01
   1.2389866e+01   2.4779733e+01   3.7169599e+01   4.9559465e+01   6.1949332e+01   7.4339198e+01   8.6729064e+01
   1.2429678e+01   2.4859356e+01   3.7289034e+01   4.9718713e+01   6.2148391e+01   7.4578069e+01   8.7007747e+01
   1.2469651e+01   2.4939302e+01   3.7408953e+01   4.9878604e+01   6.2348255e+01   7.4817906e+01   8.7287558e+01
   1.2509778e+01   2.5019556e+01   3.7529333e+01   5.0039111e+01   6.2548889e+01   7.5058667e+01   8.7568445e+01
   1.2550051e+01   2.5100102e+01   3.7650153e+01   5.0200204e+01   6.2750255e+01   7.5300306e+01   8.7850357e+01
   1.2590463e+01   2.5180927e+01   3.7771390e+01   5.0361854e+01   6.2952317e+01   7.5542781e+01   8.8133244e+01
   1.2631008e+01   2.5262015e+01   3.7893023e+01   5.0524031e+01   6.3155038e+01   7.5786046e+01   8.8417054e+01
   1.2671676e+01   2.5343353e+01   3.8015029e+01   5.0686706e+01   6.3358382e+01   7.6030059e+01   8.8701735e+01
   1.2712462e+01   2.5424925e+01   3.8137387e+01   5.0849849e+01   6.3562312e+01   7.6274774e+01   8.8987237e+01
   1.2753358e+01   2.5506716e+01   3.8260074e+01   5.1013433e+01   6.3766791e+01   7.6520149e+01   8.9273507e+01
   1.2794356e+01   2.5588713e+01   3.8383069e+01   5.1177426e+01   6.3971782e+01   7.6766139e+01   8.9560495e+01
   1.2835450e+01   2.5670900e+01   3.8506350e+01   5.1341800e+01   6.4177250e+01   7.7012700e+01   8.9848150e+01
   1.2876631e+01   2.5753263e+01   3.8629894e+01   5.1506526e+01   6.4383157e+01   7.7259789e+01   9.0136420e+01
   1.2917893e+01   2.5835787e+01   3.8753680e+01   5.1671574e+01   6.4589467e+01   7.7507361e+01   9.0425254e+01
   1.2959229e+01   2.5918457e+01   3.8877686e+01   5.1836915e+01   6.4796144e+01   7.7755372e+01   9.0714601e+01
   1.3000630e+01   2.6001260e+01   3.9001890e+01   5.2002520e+01   6.5003149e+01   7.8003779e+01   9.1004409e+01
   1.3042090e+01   2.6084179e+01   3.9126269e+01   5.2168359e+01   6.5210448e+01   7.8252538e+01   9.1294627e+01
   1.3083601e+01   2.6167201e+01   3.9250802e+01   5.2334403e+01   6.5418003e+01   7.8501604e+01   9.1585205e+01
   1.3125156e+01   2.6250311e+01   3.9375467e+01   5.2500623e+01   6.5625778e+01   7.8750934e+01   9.1876089e+01
   1.3166747e+01   2.6333494e+01   3.9500242e+01   5.2666989e+01   6.5833736e+01   7.9000483e+01   9.2167231e+01
   1.3208368e+01   2.6416736e+01   3.9625104e+01   5.2833472e+01   6.6041841e+01   7.9250209e+01   9.2458577e+01
   1.3250011e+01   2.6500022e+01   3.9750033e+01   5.3000044e+01   6.6250055e+01   7.9500066e+01   9.2750077e+01
   1.3291668e+01   2.6583337e+01   3.9875005e+01   5.3166674e+01   6.6458342e+01   7.9750011e+01   9.3041679e+01
   1.3333333e+01   2.6666667e+01   4.0000000e+01   5.3333333e+01   6.6666667e+01   8.0000000e+01   9.3333333e+01
   1.3375000e+01   2.6750000e+01   4.0125000e+01   5.3500000e+01   6.6875000e+01   8.0250000e+01   9.3625000e+01
   1.3416667e+01   2.6833333e+01   4.0250000e+01   5.3666667e+01   6.7083333e+01   8.0500000e+01   9.3916667e+01
   1.3458333e+01   2.6916667e+01   4.0375000e+01   5.3833333e+01   6.7291667e+01   8.0750000e+01   9.4208333e+01
   1.3500000e+01   2.7000000e+01   4.0500000e+01   5.4000000e+01   6.7500000e+01   8.1000000e+01   9.4500000e+01
   1.3541667e+01   2.7083333e+01   4.0625000e+01   5.4166667e+01   6.7708333e+01   8.1250000e+01   9.4791667e+01
   1.3583333e+01   2.7166667e+01   4.0750000e+01   5.4333333e+01   6.7916667e+01   8.1500000e+01   9.5083333e+01
   1.3625000e+01   2.7250000e+01   4.0875000e+01   5.4500000e+01   6.8125000e+01   8.1750000e+01   9.5375000e+01
   1.3666667e+01   2.7333333e+01   4.1000000e+01   5.4666667e+01   6.8333333e+01   8.2000000e+01   9.5666667e+01
   1.3708333e+01   2.7416667e+01   4.1125000e+01   5.4833333e+01   6.8541667e+01   8.2250000e+01   9.5958333e+01
   1.3750000e+01   2.7500000e+01   4.1250000e+01   5.5000000e+01   6.8750000e+01   8.2500000e+01   9.6250000e+01
   1.3791667e+01   2.7583333e+01   4.1375000e+01   5.5166667e+01   6.8958333e+01   8.2750000e+01   9.6541667e+01
   1.3833333e+01   2.7666667e+01   4.1500000e+01   5.5333333e+01   6.9166667e+01   8.3000000e+01   9.6833333e+01
   1.3875000e+01   2.7750000e+01   4.1625000e+01   5.5500000e+01   6.9375000e+01   8.3250000e+01   9.7125000e+01
   1.3916667e+01   2.7833333e+01   4.1750000e+01   5.5666667e+01   6.9583333e+01   8.3500000e+01   9.7416667e+01
   1.3958333e+01   2.7916667e+01   4.1875000e+01   5.5833333e+01   6.9791667e+01   8.3750000e+01   9.7708333e+01
   1.4000000e+01   2.8000000e+01   4.2000000e+01   5.6000000e+01   7.0000000e+01   8.4000000e+01   9.8000000e+01
   1.4041667e+01   2.8083333e+01   4.2125000e+01   5.6166667e+01   7.0208333e+01   8.4250000e+01   9.8291667e+01
   1.4083333e+01   2.8166667e+01   4.2250000e+01   5.6333333e+01   7.0416667e+01   8.4500000e+01   9.8583333e+01
   1.4125000e+01   2.8250000e+01   4.2375000e+01   5.6500000e+01   7.0625000e+01   8.4750000e+01   9.8875000e+01
   1.4166667e+01   2.8333333e+01   4.2500000e+01   5.6666667e+01   7.0833333e+01   8.5000000e+01   9.9166667e+01
   1.4208333e+01   2.8416667e+01   4.2625000e+01   5.6833333e+01   7.1041667e+01   8.5250000e+01   9.9458333e+01
   1.4250000e+01   2.8500000e+01   4.2750000e+01   5.7000000e+01   7.1250000e+01   8.5500000e+01   9.9750000e+01
   1.4291667e+01   2.8583333e+01   4.2875000e+01   5.7166667e+01   7.1458333e+01   8.5750000e+01   1.0004167e+02
   1.4333333e+01   2.8666667e+01   4.3000000e+01   5.7333333e+01   7.1666667e+01   8.6000000e+01   1.0033333e+02
   1.4375000e+01   2.8750000e+01   4.3125000e+01   5.7500000e+01   7.1875000e+01   8.6250000e+01   1.0062500e+02
   1.4416667e+01   2.8833333e+01   4.3250000e+01   5.7666667e+01   7.2083333e+01   8.6500000e+01   1.0091667e+02
   1.4458333e+01   2.8916667e+01   4.3375000e+01   5.7833333e+01   7.2291667e+01   8.6750000e+01   1.0120833e+02
   1.4500000e+01   2.9000000e+01   4.3500000e+01   5.8000000e+01   7.2500000e+01   8.7000000e+01   1.0150000e+02
   1.4541667e+01   2.9083333e+01   4.3625000e+01   5.8166667e+01   7.2708333e+01   8.7250000e+01   1.0179167e+02
   1.4583333e+01   2.9166667e+01   4.3750000e+01   5.8333333e+01   7.2916667e+01   8.7500000e+01   1.0208333e+02
   1.4625000e+01   2.9250000e+01   4.3875000e+01   5.8500000e+01   7.3125000e+01   8.7750000e+01   1.0237500e+02
   1.4666667e+01   2.9333333e+01   4.4000000e+01   5.8666667e+01   7.3333333e+01   8.8000000e+01   1.0266667e+02
   1.4708333e+01   2.9416667e+01   4.4125000e+01   5.8833333e+01   7.3541667e+01   8.8250000e+01   1.0295833e+02
   1.4750000e+01   2.9500000e+01   4.4250000e+01   5.9000000e+01   7.3750000e+01   8.8500000e+01   1.0325000e+02
   1.4791667e+01   2.9583333e+01   4.4375000e+01   5.9166667e+01   7.3958333e+01   8.8750000e+01   1.0354167e+02
   1.4833333e+01   2.9666667e+01   4.4500000e+01   5.9333333e+01   7.4166667e+01   8.9000000e+01   1.0383333e+02
   1.4875000e+01   2.9750000e+01   4.4625000e+01   5.9500000e+01   7.4375000e+01   8.9250000e+01   1.0412500e+02
   1.4916667e+01   2.9833333e+01   4.4750000e+01   5.9666667e+01   7.4583333e+01   8.9500000e+01   1.0441667e+02
   1.4958333e+01   2.9916667e+01   4.4875000e+01   5.9833333e+01   7.4791667e+01   8.9750000e+01   1.0470833e+02
   1.5000000e+01   3.0000000e+01   4.5000000e+01   6.0000000e+01   7.5000000e+01   9.0000000e+01   1.0500000e+02
   1.5041667e+01   3.0083333e+01   4.5125000e+01   6.0166667e+01   7.5208333e+01   9.0250000e+01   1.0529167e+02
   1.5083333e+01   3.0166667e+01   4.5250000e+01   6.0333333e+01   7.5416667e+01   9.0500000e+01   1.0558333e+02
   1.5125000e+01   3.0250000e+01   4.5375000e+01   6.0500000e+01   7.5625000e+01   9.0750000e+01   1.0587500e+02
   1.5166667e+01   3.0333333e+01   4.5500000e+01   6.0666667e+01   7.5833333e+01   9.1000000e+01   1.0616667e+02
   1.5208333e+01   3.0416667e+01   4.5625000e+01   6.0833333e+01   7.6041667e+01   9.1250000e+01   1.0645833e+02
   1.5250000e+01   3.0500000e+01   4.5750000e+01   6.1000000e+01   7.6250000e+01   9.1500000e+01   1.0675000e+02
   1.5291667e+01   3.0583333e+01   4.5875000e+01   6.1166667e+01   7.6458333e+01   9.1750000e+01   1.0704167e+02
   1.5333333e+01   3.0666667e+01   4.6000000e+01   6.1333333e+01   7.6666667e+01   9.2000000e+01   1.0733333e+02
   1.5375000e+01   3.0750000e+01   4.6125000e+01   6.1500000e+01   7.6875000e+01   9.2250000e+01   1.0762500e+02
   1.5416667e+01   3.0833333e+01   4.6250000e+01   6.1666667e+01   7.7083333e+01   9.2500000e+01   1.0791667e+02
   1.5458333e+01   3.0916667e+01   4.6375000e+01   6.1833333e+01   7.7291667e+01   9.2750000e+01   1.0820833e+02
   1.5500000e+01   3.1000000e+01   4.6500000e+01   6.2000000e+01   7.7500000e+01   9.3000000e+01   1.0850000e+02
   1.5541667e+01   3.1083333e+01   4.6625000e+01   6.2166667e+01   7.7708333e+01   9.3250000e+01   1.0879167e+02
   1.5583333e+01   3.1166667e+01   4.6750000e+01   6.2333333e+01   7.7916667e+01   9.3500000e+01   1.0908333e+02
   1.5625000e+01   3.1250000e+01   4.6875000e+01   6.2500000e+01   7.8125000e+01   9.3750000e+01   1.0937500e+02
   1.5666667e+01   3.1333333e+01   4.7000000e+01   6.2666667e+01   7.8333333e+01   9.4000000e+01   1.0966667e+02
   1.5708333e+01   3.1416667e+01   4.7125000e+01   6.2833333e+01   7.8541667e+01   9.4250000e+01   1.0995833e+02
   1.5750000e+01   3.1500000e+01   4.7250000e+01   6.3000000e+01   7.8750000e+01   9.4500000e+01   1.1025000e+02
   1.5791667e+01   3.1583333e+01   4.7375000e+01   6.3166667e+01   7.8958333e+01   9.4750000e+01   1.1054167e+02
   1.5833333e+01   3.1666667e+01   4.7500000e+01   6.3333333e+01   7.9166667e+01   9.5000000e+01   1.1083333e+02
   1.5875000e+01   3.1750000e+01   4.7625000e+01   6.3500000e+01   7.9375000e+01   9.5250000e+01   1.1112500e+02
   1.5916667e+01   3.1833333e+01   4.7750000e+01   6.3666667e+01   7.9583333e+01   9.5500000e+01   1.1141667e+02
   1.5958333e+01   3.1916667e+01   4.7875000e+01   6.3833333e+01   7.9791667e+01   9.5750000e+01   1.1170833e+02
   1.6000000e+01   3.2000000e+01   4.8000000e+01   6.4000000e+01   8.0000000e+01   9.6000000e+01   1.1200000e+02
   1.6041667e+01   3.2083333e+01   4.8125000e+01   6.4166667e+01   8.0208333e+01   9.6250000e+01   1.1229167e+02
   1.6083333e+01   3.2166667e+01   4.8250000e+01   6.4333333e+01   8.0416667e+01   9.6500000e+01   1.1258333e+02
   1.6125000e+01   3.2250000e+01   4.8375000e+01   6.4500000e+01   8.0625000e+01   9.6750000e+01   1.1287500e+02
   1.6166667e+01   3.2333333e+01   4.8500000e+01   6.4666667e+01   8.0833333e+01   9.7000000e+01   1.1316667e+02
   1.6208333e+01   3.2416667e+01   4.8625000e+01   6.4833333e+01   8.1041667e+01   9.7250000e+01   1.1345833e+02
   1.6250000e+01   3.2500000e+01   4.8750000e+01   6.5000000e+01   8.1250000e+01   9.7500000e+01   1.1375000e+02
   1.6291667e+01   3.2583333e+01   4.8875000e+01   6.5166667e+01   8.1458333e+01   9.7750000e+01   1.1404167e+02
   1.6333333e+01   3.2666667e+01   4.9000000e+01   6.5333333e+01   8.1666667e+01   9.8000000e+01   1.1433333e+02
   1.6375000e+01   3.2750000e+01   4.9125000e+01   6.5500000e+01   8.1875000e+01   9.8250000e+01   1.1462500e+02
   1.6416667e+01   3.2833333e+01   4.9250000e+01   6.5666667e+01   8.2083333e+01   9.8500000e+01   1.1491667e+02
   1.6458333e+01   3.2916667e+01   4.9375000e+01   6.5833333e+01   8.2291667e+01   9.8750000e+01   1.1520833e+02
   1.6500000e+01   3.3000000e+01   4.9500000e+01   6.6000000e+01   8.2500000e+01   9.9000000e+01   1.1550000e+02
   1.6541667e+01   3.3083333e+01   4.9625000e+01   6.6166667e+01   8.2708333e+01   9.9250000e+01   1.1579167e+02
   1.6583333e+01   3.3166667e+01   4.9750000e+01   6.6333333e+01   8.2916667e+01   9.9500000e+01   1.1608333e+02
   1.6625000e+01   3.3250000e+01   4.9875000e+01   6.6500000e+01   8.3125000e+01   9.9750000e+01   1.1637500e+02
   1.6666667e+01   3.3333333e+01   5.0000000e+01   6.6666667e+01   8.3333333e+01   1.0000000e+02   1.1666667e+02
   1.6708332e+01   3.3416663e+01   5.0124995e+01   6.6833326e+01   8.3541658e+01   1.0024999e+02   1.1695832e+02
   1.6749989e+01   3.3499978e+01   5.0249967e+01   6.6999956e+01   8.3749945e+01   1.0049993e+02   1.1724992e+02
   1.6791632e+01   3.3583264e+01   5.0374896e+01   6.7166528e+01   8.3958159e+01   1.0074979e+02   1.1754142e+02
   1.6833253e+01   3.3666506e+01   5.0499758e+01   6.7333011e+01   8.4166264e+01   1.0099952e+02   1.1783277e+02
   1.6874844e+01   3.3749689e+01   5.0624533e+01   6.7499377e+01   8.4374222e+01   1.0124907e+02   1.1812391e+02
   1.6916399e+01   3.3832799e+01   5.0749198e+01   6.7665597e+01   8.4581997e+01   1.0149840e+02   1.1841480e+02
   1.6957910e+01   3.3915821e+01   5.0873731e+01   6.7831641e+01   8.4789552e+01   1.0174746e+02   1.1870537e+02
   1.6999370e+01   3.3998740e+01   5.0998110e+01   6.7997480e+01   8.4996851e+01   1.0199622e+02   1.1899559e+02
   1.7040771e+01   3.4081543e+01   5.1122314e+01   6.8163085e+01   8.5203856e+01   1.0224463e+02   1.1928540e+02
   1.7082107e+01   3.4164213e+01   5.1246320e+01   6.8328426e+01   8.5410533e+01   1.0249264e+02   1.1957475e+02
   1.7123369e+01   3.4246737e+01   5.1370106e+01   6.8493474e+01   8.5616843e+01   1.0274021e+02   1.1986358e+02
   1.7164550e+01   3.4329100e+01   5.1493650e+01   6.8658200e+01   8.5822750e+01   1.0298730e+02   1.2015185e+02
   1.7205644e+01   3.4411287e+01   5.1616931e+01   6.8822574e+01   8.6028218e+01   1.0323386e+02   1.2043950e+02
   1.7246642e+01   3.4493284e+01   5.1739926e+01   6.8986567e+01   8.6233209e+01   1.0347985e+02   1.2072649e+02
   1.7287538e+01   3.4575075e+01   5.1862613e+01   6.9150151e+01   8.6437688e+01   1.0372523e+02   1.2101276e+02
   1.7328324e+01   3.4656647e+01   5.1984971e+01   6.9313294e+01   8.6641618e+01   1.0396994e+02   1.2129826e+02
   1.7368992e+01   3.4737985e+01   5.2106977e+01   6.9475969e+01   8.6844962e+01   1.0421395e+02   1.2158295e+02
   1.7409537e+01   3.4819073e+01   5.2228610e+01   6.9638146e+01   8.7047683e+01   1.0445722e+02   1.2186676e+02
   1.7449949e+01   3.4899898e+01   5.2349847e+01   6.9799796e+01   8.7249745e+01   1.0469969e+02   1.2214964e+02
   1.7490222e+01   3.4980444e+01   5.2470667e+01   6.9960889e+01   8.7451111e+01   1.0494133e+02   1.2243156e+02
   1.7530349e+01   3.5060698e+01   5.2591047e+01   7.0121396e+01   8.7651745e+01   1.0518209e+02   1.2271244e+02
   1.7570322e+01   3.5140644e+01   5.2710966e+01   7.0281287e+01   8.7851609e+01   1.0542193e+02   1.2299225e+02
   1.7610134e+01   3.5220267e+01   5.2830401e+01   7.0440535e+01   8.8050668e+01   1.0566080e+02   1.2327094e+02
   1.7649777e+01   3.5299554e+01   5.2949331e+01   7.0599108e+01   8.8248885e+01   1.0589866e+02   1.2354844e+02
   1.7689245e+01   3.5378489e+01   5.3067734e+01   7.0756978e+01   8.8446223e+01   1.0613547e+02   1.2382471e+02
   1.7728529e+01   3.5457058e+01   5.3185587e+01   7.0914116e+01   8.8642645e+01   1.0637117e+02   1.2409970e+02
   1.7767623e+01   3.5535246e+01   5.3302869e+01   7.1070492e+01   8.8838115e+01   1.0660574e+02   1.2437336e+02
   1.7806519e+01   3.5613039e+01   5.3419558e+01   7.1226077e+01   8.9032597e+01   1.0683912e+02   1.2464564e+02
   1.7845211e+01   3.5690421e+01   5.3535632e+01   7.1380842e+01   8.9226053e+01   1.0707126e+02   1.2491647e+02
   1.7883689e+01   3.5767379e+01   5.3651068e+01   7.1534757e+01   8.9418447e+01   1.0730214e+02   1.2518583e+02
   1.7921948e+01   3.5843897e+01   5.3765845e+01   7.1687794e+01   8.9609742e+01   1.0753169e+02   1.2545364e+02
   1.7959980e+01   3.5919961e+01   5.3879941e+01   7.1839922e+01   8.9799902e+01   1.0775988e+02   1.2571986e+02
   1.7997778e+01   3.5995556e+01   5.3993334e+01   7.1991112e+01   8.9988891e+01   1.0798667e+02   1.2598445e+02
   1.8035334e+01   3.6070668e+01   5.4106002e+01   7.2141336e+01   9.0176670e+01   1.0821200e+02   1.2624734e+02
   1.8072641e+01   3.6145282e+01   5.4217923e+01   7.2290564e+01   9.0363205e+01   1.0843585e+02   1.2650849e+02
   1.8109692e+01   3.6219383e+01   5.4329075e+01   7.2438766e+01   9.0548458e+01   1.0865815e+02   1.2676784e+02
   1.8146478e+01   3.6292957e+01   5.4439435e+01   7.2585914e+01   9.0732392e+01   1.0887887e+02   1.2702535e+02
   1.8182994e+01   3.6365989e+01   5.4548983e+01   7.2731978e+01   9.0914972e+01   1.0909797e+02   1.2728096e+02
   1.8219232e+01   3.6438464e+01   5.4657696e+01   7.2876928e+01   9.1096160e+01   1.0931539e+02   1.2753462e+02
   1.8255184e+01   3.6510368e+01   5.4765552e+01   7.3020736e+01   9.1275920e+01   1.0953110e+02   1.2778629e+02
   1.8290843e+01   3.6581686e+01   5.4872529e+01   7.3163372e+01   9.1454214e+01   1.0974506e+02   1.2803590e+02
   1.8326202e+01   3.6652403e+01   5.4978605e+01   7.3304806e+01   9.1631008e+01   1.0995721e+02   1.2828341e+02
   1.8361253e+01   3.6722505e+01   5.5083758e+01   7.3445011e+01   9.1806263e+01   1.1016752e+02   1.2852877e+02
   1.8395989e+01   3.6791978e+01   5.5187966e+01   7.3583955e+01   9.1979944e+01   1.1037593e+02   1.2877192e+02
   1.8430403e+01   3.6860805e+01   5.5291208e+01   7.3721611e+01   9.2152013e+01   1.1058242e+02   1.2901282e+02
   1.8464487e+01   3.6928974e+01   5.5393461e+01   7.3857948e+01   9.2322434e+01   1.1078692e+02   1.2925141e+02
   1.8498234e+01   3.6996469e+01   5.5494703e+01   7.3992937e+01   9.2491171e+01   1.1098941e+02   1.2948764e+02
   1.8531637e+01   3.7063275e+01   5.5594912e+01   7.4126549e+01   9.2658187e+01   1.1118982e+02   1.2972146e+02
   1.8564689e+01   3.7129378e+01   5.5694067e+01   7.4258756e+01   9.2823445e+01   1.1138813e+02   1.2995282e+02
   1.8597382e+01   3.7194763e+01   5.5792145e+01   7.4389526e+01   9.2986908e+01   1.1158429e+02   1.3018167e+02
   1.8629708e+01   3.7259416e+01   5.5889124e+01   7.4518832e+01   9.3148540e+01   1.1177825e+02   1.3040796e+02
   1.8661661e+01   3.7323322e+01   5.5984983e+01   7.4646644e+01   9.3308305e+01   1.1196997e+02   1.3063163e+02
   1.8693233e+01   3.7386466e+01   5.6079699e+01   7.4772932e+01   9.3466165e+01   1.1215940e+02   1.3085263e+02
   1.8724418e+01   3.7448835e+01   5.6173253e+01   7.4897671e+01   9.3622089e+01   1.1234651e+02   1.3107092e+02
   1.8755212e+01   3.7510424e+01   5.6265636e+01   7.5020848e+01   9.3776060e+01   1.1253127e+02   1.3128648e+02
   1.8785616e+01   3.7571231e+01   5.6356847e+01   7.5142463e+01   9.3928078e+01   1.1271369e+02   1.3149931e+02
   1.8815629e+01   3.7631257e+01   5.6446886e+01   7.5262515e+01   9.4078143e+01   1.1289377e+02   1.3170940e+02
   1.8845251e+01   3.7690502e+01   5.6535753e+01   7.5381004e+01   9.4226255e+01   1.1307151e+02   1.3191676e+02
   1.8874483e+01   3.7748966e+01   5.6623448e+01   7.5497931e+01   9.4372414e+01   1.1324690e+02   1.3212138e+02
   1.8903324e+01   3.7806648e+01   5.6709972e+01   7.5613296e+01   9.4516620e+01   1.1341994e+02   1.3232327e+02
   1.8931774e+01   3.7863549e+01   5.6795323e+01   7.5727098e+01   9.4658872e+01   1.1359065e+02   1.3252242e+02
   1.8959834e+01   3.7919669e+01   5.6879503e+01   7.5839338e+01   9.4799172e+01   1.1375901e+02   1.3271884e+02
   1.8987504e+01   3.7975007e+01   5.6962511e+01   7.5950015e+01   9.4937518e+01   1.1392502e+02   1.3291253e+02
   1.9014782e+01   3.8029565e+01   5.7044347e+01   7.6059129e+01   9.5073912e+01   1.1408869e+02   1.3310348e+02
   1.9041670e+01   3.8083341e+01   5.7125011e+01   7.6166681e+01   9.5208352e+01   1.1425002e+02   1.3329169e+02
   1.9068168e+01   3.8136335e+01   5.7204503e+01   7.6272671e+01   9.5340839e+01   1.1440901e+02   1.3347717e+02
   1.9094274e+01   3.8188549e+01   5.7282823e+01   7.6377098e+01   9.5471372e+01   1.1456565e+02   1.3365992e+02
   1.9119991e+01   3.8239981e+01   5.7359972e+01   7.6479963e+01   9.5599953e+01   1.1471994e+02   1.3383993e+02
   1.9145316e+01   3.8290632e+01   5.7435948e+01   7.6581265e+01   9.5726581e+01   1.1487190e+02   1.3401721e+02
   1.9170251e+01   3.8340502e+01   5.7510753e+01   7.6681004e+01   9.5851255e+01   1.1502151e+02   1.3419176e+02
   1.9194795e+01   3.8389591e+01   5.7584386e+01   7.6779181e+01   9.5973977e+01   1.1516877e+02   1.3436357e+02
   1.9218949e+01   3.8437898e+01   5.7656847e+01   7.6875796e+01   9.6094745e+01   1.1531369e+02   1.3453264e+02
   1.9242712e+01   3.8485424e+01   5.7728136e+01   7.6970848e+01   9.6213560e+01   1.1545627e+02   1.3469898e+02
   1.9266084e+01   3.8532169e+01   5.7798253e+01   7.7064338e+01   9.6330422e+01   1.1559651e+02   1.3486259e+02
   1.9289066e+01   3.8578132e+01   5.7867198e+01   7.7156265e+01   9.6445331e+01   1.1573440e+02   1.3502346e+02
   1.9311657e+01   3.8623315e+01   5.7934972e+01   7.7246629e+01   9.6558287e+01   1.1586994e+02   1.3518160e+02
   1.9333858e+01   3.8667716e+01   5.8001573e+01   7.7335431e+01   9.6669289e+01   1.1600315e+02   1.3533700e+02
   1.9355668e+01   3.8711335e+01   5.8067003e+01   7.7422671e+01   9.6778339e+01   1.1613401e+02   1.3548967e+02
   1.9377087e+01   3.8754174e+01   5.8131261e+01   7.7508348e+01   9.6885435e+01   1.1626252e+02   1.3563961e+02
   1.9398116e+01   3.8796231e+01   5.8194347e+01   7.7592463e+01   9.6990578e+01   1.1638869e+02   1.3578681e+02
   1.9418754e+01   3.8837507e+01   5.8256261e+01   7.7675015e+01   9.7093768e+01   1.1651252e+02   1.3593128e+02
   1.9439001e+01   3.8878002e+01   5.8317003e+01   7.7756004e+01   9.7195005e+01   1.1663401e+02   1.3607301e+02
   1.9458858e+01   3.8917716e+01   5.8376573e+01   7.7835431e+01   9.7294289e+01   1.1675315e+02   1.3621200e+02
   1.9478324e+01   3.8956648e+01   5.8434972e+01   7.7913296e+01   9.7391620e+01   1.1686994e+02   1.3634827e+02
   1.9497399e+01   3.8994799e+01   5.8492198e+01   7.7989598e+01   9.7486997e+01   1.1698440e+02   1.3648180e+02
   1.9516084e+01   3.9032169e+01   5.8548253e+01   7.8064338e+01   9.7580422e+01   1.1709651e+02   1.3661259e+02
   1.9534379e+01   3.9068757e+01   5.8603136e+01   7.8137515e+01   9.7671893e+01   1.1720627e+02   1.3674065e+02
   1.9552282e+01   3.9104565e+01   5.8656847e+01   7.8209129e+01   9.7761412e+01   1.1731369e+02   1.3686598e+02
   1.9569795e+01   3.9139591e+01   5.8709386e+01   7.8279181e+01   9.7848977e+01   1.1741877e+02   1.3698857e+02
   1.9586918e+01   3.9173835e+01   5.8760753e+01   7.8347671e+01   9.7934589e+01   1.1752151e+02   1.3710842e+02
   1.9603649e+01   3.9207299e+01   5.8810948e+01   7.8414598e+01   9.8018247e+01   1.1762190e+02   1.3722555e+02
   1.9619991e+01   3.9239981e+01   5.8859972e+01   7.8479963e+01   9.8099953e+01   1.1771994e+02   1.3733993e+02
   1.9635941e+01   3.9271882e+01   5.8907823e+01   7.8543765e+01   9.8179706e+01   1.1781565e+02   1.3745159e+02
   1.9651501e+01   3.9303002e+01   5.8954503e+01   7.8606004e+01   9.8257505e+01   1.1790901e+02   1.3756051e+02
   1.9666670e+01   3.9333341e+01   5.9000011e+01   7.8666681e+01   9.8333352e+01   1.1800002e+02   1.3766669e+02
   1.9681449e+01   3.9362898e+01   5.9044347e+01   7.8725796e+01   9.8407245e+01   1.1808869e+02   1.3777014e+02
   1.9695837e+01   3.9391674e+01   5.9087511e+01   7.8783348e+01   9.8479185e+01   1.1817502e+02   1.3787086e+02
   1.9709834e+01   3.9419669e+01   5.9129503e+01   7.8839338e+01   9.8549172e+01   1.1825901e+02   1.3796884e+02
   1.9723441e+01   3.9446882e+01   5.9170323e+01   7.8893765e+01   9.8617206e+01   1.1834065e+02   1.3806409e+02
   1.9736657e+01   3.9473315e+01   5.9209972e+01   7.8946629e+01   9.8683287e+01   1.1841994e+02   1.3815660e+02
   1.9749483e+01   3.9498966e+01   5.9248448e+01   7.8997931e+01   9.8747414e+01   1.1849690e+02   1.3824638e+02
   1.9761918e+01   3.9523835e+01   5.9285753e+01   7.9047671e+01   9.8809589e+01   1.1857151e+02   1.3833342e+02
   1.9773962e+01   3.9547924e+01   5.9321886e+01   7.9095848e+01   9.8869810e+01   1.1864377e+02   1.3841773e+02
   1.9785616e+01   3.9571231e+01   5.9356847e+01   7.9142463e+01   9.8928078e+01   1.1871369e+02   1.3849931e+02
   1.9796879e+01   3.9593757e+01   5.9390636e+01   7.9187515e+01   9.8984393e+01   1.1878127e+02   1.3857815e+02
   1.9807751e+01   3.9615502e+01   5.9423253e+01   7.9231004e+01   9.9038755e+01   1.1884651e+02   1.3865426e+02
   1.9818233e+01   3.9636466e+01   5.9454699e+01   7.9272932e+01   9.9091165e+01   1.1890940e+02   1.3872763e+02
   1.9828328e+01   3.9656655e+01   5.9484983e+01   7.9313311e+01   9.9141638e+01   1.1896997e+02   1.3879829e+02
   1.9838041e+01   3.9676083e+01   5.9514124e+01   7.9352166e+01   9.9190207e+01   1.1902825e+02   1.3886629e+02
   1.9847382e+01   3.9694763e+01   5.9542145e+01   7.9389526e+01   9.9236908e+01   1.1908429e+02   1.3893167e+02
   1.9856356e+01   3.9712711e+01   5.9569067e+01   7.9425422e+01   9.9281778e+01   1.1913813e+02   1.3899449e+02
   1.9864971e+01   3.9729941e+01   5.9594912e+01   7.9459883e+01   9.9324854e+01   1.1918982e+02   1.3905479e+02
   1.9873234e+01   3.9746469e+01   5.9619703e+01   7.9492937e+01   9.9366171e+01   1.1923941e+02   1.3911264e+02
   1.9881154e+01   3.9762307e+01   5.9643461e+01   7.9524614e+01   9.9405768e+01   1.1928692e+02   1.3916807e+02
   1.9888736e+01   3.9777472e+01   5.9666208e+01   7.9554944e+01   9.9443680e+01   1.1933242e+02   1.3922115e+02
   1.9895989e+01   3.9791978e+01   5.9687966e+01   7.9583955e+01   9.9479944e+01   1.1937593e+02   1.3927192e+02
   1.9902919e+01   3.9805839e+01   5.9708758e+01   7.9611677e+01   9.9514597e+01   1.1941752e+02   1.3932044e+02
   1.9909535e+01   3.9819070e+01   5.9728605e+01   7.9638140e+01   9.9547675e+01   1.1945721e+02   1.3936674e+02
   1.9915843e+01   3.9831686e+01   5.9747529e+01   7.9663372e+01   9.9579214e+01   1.1949506e+02   1.3941090e+02
   1.9921851e+01   3.9843701e+01   5.9765552e+01   7.9687402e+01   9.9609253e+01   1.1953110e+02   1.3945295e+02
   1.9927565e+01   3.9855131e+01   5.9782696e+01   7.9710261e+01   9.9637827e+01   1.1956539e+02   1.3949296e+02
   1.9932994e+01   3.9865989e+01   5.9798983e+01   7.9731978e+01   9.9664972e+01   1.1959797e+02   1.3953096e+02
   1.9938145e+01   3.9876290e+01   5.9814435e+01   7.9752581e+01   9.9690726e+01   1.1962887e+02   1.3956702e+02
   1.9943025e+01   3.9886050e+01   5.9829075e+01   7.9772100e+01   9.9715125e+01   1.1965815e+02   1.3960117e+02
   1.9947641e+01   3.9895282e+01   5.9842923e+01   7.9790564e+01   9.9738205e+01   1.1968585e+02   1.3963349e+02
   1.9952001e+01   3.9904001e+01   5.9856002e+01   7.9808003e+01   9.9760004e+01   1.1971200e+02   1.3966401e+02
   1.9956111e+01   3.9912223e+01   5.9868334e+01   7.9824446e+01   9.9780557e+01   1.1973667e+02   1.3969278e+02
   1.9959980e+01   3.9919961e+01   5.9879941e+01   7.9839922e+01   9.9799902e+01   1.1975988e+02   1.3971986e+02
   1.9963615e+01   3.9927230e+01   5.9890845e+01   7.9854460e+01   9.9818076e+01   1.1978169e+02   1.3974531e+02
   1.9967023e+01   3.9934045e+01   5.9901068e+01   7.9868091e+01   9.9835114e+01   1.1980214e+02   1.3976916e+02
   1.9970211e+01   3.9940421e+01   5.9910632e+01   7.9880842e+01   9.9851053e+01   1.1982126e+02   1.3979147e+02
   1.9973186e+01   3.9946372e+01   5.9919558e+01   7.9892744e+01   9.9865930e+01   1.1983912e+02   1.3981230e+02
   1.9975956e+01   3.9951913e+01   5.9927869e+01   7.9903826e+01   9.9879782e+01   1.1985574e+02   1.3983169e+02
   1.9978529e+01   3.9957058e+01   5.9935587e+01   7.9914116e+01   9.9892645e+01   1.1987117e+02   1.3984970e+02
   1.9980911e+01   3.9961823e+01   5.9942734e+01   7.9923645e+01   9.9904556e+01   1.1988547e+02   1.3986638e+02
   1.9983110e+01   3.9966221e+01   5.9949331e+01   7.9932441e+01   9.9915552e+01   1.1989866e+02   1.3988177e+02
   1.9985134e+01   3.9970267e+01   5.9955401e+01   7.9940535e+01   9.9925668e+01   1.1991080e+02   1.3989594e+02
   1.9986989e+01   3.9973977e+01   5.9960966e+01   7.9947954e+01   9.9934943e+01   1.1992193e+02   1.3990892e+02
   1.9988682e+01   3.9977365e+01   5.9966047e+01   7.9954729e+01   9.9943411e+01   1.1993209e+02   1.3992078e+02
   1.9990222e+01   3.9980444e+01   5.9970667e+01   7.9960889e+01   9.9951111e+01   1.1994133e+02   1.3993156e+02
   1.9991616e+01   3.9983231e+01   5.9974847e+01   7.9966462e+01   9.9958078e+01   1.1994969e+02   1.3994131e+02
   1.9992870e+01   3.9985740e+01   5.9978610e+01   7.9971479e+01   9.9964349e+01   1.1995722e+02   1.3995009e+02
   1.9993992e+01   3.9987985e+01   5.9981977e+01   7.9975969e+01   9.9969962e+01   1.1996395e+02   1.3995795e+02
   1.9994990e+01   3.9989980e+01   5.9984971e+01   7.9979961e+01   9.9974951e+01   1.1996994e+02   1.3996493e+02
   1.9995871e+01   3.9991742e+01   5.9987613e+01   7.9983484e+01   9.9979355e+01   1.1997523e+02   1.3997110e+02
   1.9996642e+01   3.9993284e+01   5.9989926e+01   7.9986567e+01   9.9983209e+01   1.1997985e+02   1.3997649e+02
   1.9997310e+01   3.9994620e+01   5.9991931e+01   7.9989241e+01   9.9986551e+01   1.1998386e+02   1.3998117e+02
   1.9997883e+01   3.9995767e+01   5.9993650e+01   7.9991533e+01   9.9989417e+01   1.1998730e+02   1.3998518e+02
   1.9998369e+01   3.9996737e+01   5.9995106e+01   7.9993474e+01   9.9991843e+01   1.1999021e+02   1.3998858e+02
   1.9998773e+01   3.9997546e+01   5.9996320e+01   7.9995093e+01   9.9993866e+01   1.1999264e+02   1.3999141e+02
   1.9999105e+01   3.9998209e+01   5.9997314e+01   7.9996418e+01   9.9995523e+01   1.1999463e+02   1.3999373e+02
   1.9999370e+01   3.9998740e+01   5.9998110e+01   7.9997480e+01   9.9996851e+01   1.1999622e+02   1.3999559e+02
   1.9999577e+01   3.9999154e+01   5.9998731e+01   7.9998308e+01   9.9997885e+01   1.1999746e+02   1.3999704e+02
   1.9999733e+01   3.9999465e+01   5.9999198e+01   7.9998931e+01   9.9998663e+01   1.1999840e+02   1.3999813e+02
   1.9999844e+01   3.9999689e+01   5.9999533e+01   7.9999377e+01   9.9999222e+01   1.1999907e+02   1.3999891e+02
   1.9999919e+01   3.9999839e+01   5.9999758e+01   7.9999678e+01   9.9999597e+01   1.1999952e+02   1.3999944e+02
   1.9999965e+01   3.9999930e+01   5.9999896e+01   7.9999861e+01   9.9999826e+01   1.1999979e+02   1.3999976e+02
   1.9999989e+01   3.9999978e+01   5.9999967e+01   7.9999956e+01   9.9999945e+01   1.1999993e+02   1.3999992e+02
   1.9999998e+01   3.9999996e+01   5.9999995e+01   7.9999993e+01   9.9999991e+01   1.1999999e+02   1.3999999e+02
   2.0000000e+01   4.0000000e+01   6.0000000e+01   8.0000000e+01   1.0000000e+02   1.2000000e+02   1.4000000e+02
